Run 6:
Total cost: 28027
12, 13, 14, 16, 24, 27, 25, 20, 26, 28, 29, 23, 22, 21, 17, 18, 19, 15, 11, 10, 6, 2, 1, 5, 4, 3, 7, 9, 8, 12

Run 7: 
Total cost: 28849
29, 28, 26, 20, 25, 27, 24, 16, 14, 13, 12, 11, 10, 6, 2, 1, 5, 4, 3, 7, 9, 8, 15, 19, 18, 17, 21, 22, 23, 29

Run 8:
Total cost: 27586
13, 9, 7, 3, 4, 8, 5, 1, 2, 6, 10, 11, 12, 15, 19, 18, 17, 21, 22, 23, 29, 28, 26, 20, 25, 27, 24, 16, 14, 13

Run 9:
Total cost: 28575
29, 28, 26, 25, 27, 24, 16, 20, 18, 19, 15, 12, 11, 10, 6, 2, 1, 5, 8, 4, 3, 7, 9, 13, 14, 17, 21, 22, 23, 29

Run 10:
Total cost: 28027
14, 16, 24, 27, 25, 20, 26, 28, 29, 23, 22, 21, 17, 18, 19, 15, 11, 10, 6, 2, 1, 5, 4, 3, 7, 9, 8, 12, 13, 14