Run 1
Total cost: 29539
6, 10, 11, 12, 16, 24, 27, 25, 20, 26, 28, 29, 21, 23, 22, 19, 15, 18, 17, 14, 13, 9, 7, 3, 4, 8, 5, 2, 1, 6 

Run 2
Total cost: 35540
4, 3, 7, 9, 16, 24, 27, 25, 17, 12, 6, 1, 2, 10, 11, 15, 19, 18, 22, 23, 21, 29, 28, 26, 20, 14, 13, 8, 5, 4

Run 3
Total cost: 28175
23, 21, 29, 28, 26, 25, 27, 24, 16, 20, 17, 14, 13, 12, 8, 9, 7, 3, 4, 5, 1, 2, 6, 10, 11, 15, 19, 18, 22, 23

Run 4
Total cost: 28855
6, 2, 1, 5, 8, 4, 3, 7, 9, 13, 15, 19, 18, 17, 21, 22, 23, 29, 28, 26, 20, 25, 27, 24, 16, 14, 12, 11, 10, 6

Run 5
Total cost: 28027
1, 2, 6, 10, 11, 15, 19, 18, 17, 21, 22, 23, 29, 28, 26, 20, 25, 27, 24, 16, 14, 13, 12, 8, 9, 7, 3, 4, 5, 1

Run 6


Run 7


Run 8 


Run 9



Run 10 


Average Cost:
Standard Deviation:

